	grad_6				
t	x	y	r	θ	
7.933	40.12	3.947	40.31	5.619
7.967	40.11	3.616	40.28	5.151
8.000	40.11	3.123	40.24	4.452
8.033	40.13	2.586	40.21	3.687
8.067	40.15	1.893	40.19	2.699
8.100	40.15	1.099	40.17	1.568
8.133	40.16	0.324	40.16	0.462
8.167	40.16	-0.591	40.17	-0.843
8.200	40.14	-1.390	40.16	-1.984
8.233	40.10	-2.173	40.16	-3.101
8.267	40.07	-2.924	40.17	-4.174
8.300	40.02	-3.541	40.17	-5.057
8.333	39.98	-4.072	40.19	-5.815
8.367	39.94	-4.448	40.19	-6.354
8.400	39.93	-4.756	40.21	-6.792
8.433	39.94	-4.874	40.24	-6.958
8.467	39.97	-4.884	40.26	-6.967
8.500	40.02	-4.742	40.30	-6.758
8.533	40.07	-4.442	40.32	-6.325
8.567	40.15	-4.009	40.35	-5.702
8.600	40.23	-3.351	40.37	-4.761
8.633	40.31	-2.636	40.40	-3.741
8.667	40.38	-1.803	40.42	-2.556
8.700	40.42	-0.962	40.43	-1.364
8.733	40.47	-7.079E-2	40.47	-0.100
8.767	40.47	0.839	40.48	1.188
8.800	40.47	1.649	40.51	2.333
8.833	40.46	2.409	40.53	3.407
8.867	40.45	3.096	40.56	4.377
8.900	40.42	3.637	40.58	5.142
8.933	40.39	4.084	40.59	5.774
8.967	40.36	4.409	40.60	6.235
9.000	40.34	4.533	40.59	6.412
9.033	40.33	4.531	40.58	6.409
9.067	40.32	4.337	40.55	6.140
9.100	40.32	4.001	40.52	5.666
9.133	40.33	3.529	40.49	5.001
9.167	40.35	2.985	40.46	4.231
9.200	40.37	2.345	40.44	3.324
9.233	40.37	1.683	40.41	2.387
9.267	40.36	0.905	40.37	1.284
9.300	40.34	7.723E-2	40.34	0.110
9.333	40.30	-0.681	40.31	-0.968
9.367	40.27	-1.440	40.30	-2.048
9.400	40.22	-2.137	40.27	-3.042
9.433	40.17	-2.796	40.27	-3.982
9.467	40.15	-3.330	40.29	-4.740
9.500	40.13	-3.701	40.30	-5.270
9.533	40.12	-3.962	40.31	-5.640
9.567	40.13	-4.060	40.34	-5.776
9.600	40.17	-4.038	40.37	-5.741
9.633	40.23	-3.865	40.41	-5.488
9.667	40.30	-3.538	40.45	-5.018
9.700	40.39	-3.113	40.51	-4.407
9.733	40.49	-2.568	40.57	-3.629
9.767	40.60	-1.831	40.64	-2.583
9.800	40.66	-1.101	40.67	-1.551
9.833	40.71	-0.319	40.71	-0.449
9.867	40.74	0.468	40.74	0.658
9.900	40.78	0.604	40.79	0.848
9.933	40.79	1.390	40.81	1.952
9.967	40.76	2.065	40.81	2.900
10.000	40.72	2.714	40.82	3.813
10.033	40.68	3.185	40.81	4.476
10.067	40.65	3.533	40.80	4.968
10.100	40.61	3.729	40.78	5.247
10.133	40.57	3.800	40.75	5.350
10.167	40.55	3.735	40.72	5.263
10.200	40.55	3.508	40.70	4.945
10.233	40.56	3.121	40.68	4.401
10.267	40.57	2.613	40.65	3.686
10.300	40.59	2.045	40.64	2.885
10.333	40.60	1.373	40.63	1.936
10.367	40.60	0.577	40.60	0.814
10.400	40.58	-0.129	40.58	-0.182
10.433	40.55	-0.948	40.56	-1.339
10.467	40.53	-1.700	40.56	-2.402
10.500	40.50	-2.413	40.58	-3.410
10.533	40.38	-2.505	40.46	-3.550
10.567	40.33	-3.052	40.44	-4.328
10.600	40.30	-3.527	40.46	-5.001
10.633	40.27	-3.820	40.45	-5.418
10.667	40.27	-4.035	40.47	-5.721
10.700	40.28	-4.045	40.48	-5.734
10.733	40.31	-3.958	40.50	-5.609
10.767	40.35	-3.722	40.52	-5.270
10.800	40.42	-3.362	40.56	-4.754
10.833	40.50	-2.883	40.61	-4.071
10.867	40.59	-2.339	40.66	-3.298
10.900	40.64	-1.623	40.68	-2.286
10.933	40.70	-0.904	40.71	-1.273
10.967	40.78	-0.627	40.78	-0.880
11.000	40.80	6.508E-2	40.80	9.139E-2
11.033	40.80	0.904	40.81	1.269
11.067	40.77	1.678	40.80	2.357
11.100	40.75	2.208	40.81	3.101
11.133	40.72	2.846	40.82	3.997
11.167	40.68	3.324	40.81	4.671
11.200	40.64	3.613	40.80	5.081
11.233	40.60	3.702	40.77	5.210
11.267	40.59	3.797	40.77	5.344
11.300	40.58	3.662	40.74	5.157
11.333	40.59	3.392	40.73	4.776
11.367	40.59	2.967	40.70	4.180
11.400	40.57	2.488	40.65	3.509
11.433	40.58	1.878	40.62	2.650
11.467	40.58	1.144	40.60	1.615
11.500	40.57	0.440	40.57	0.621
11.533	40.57	-0.381	40.58	-0.538
11.567	40.56	-1.108	40.58	-1.564
11.600	40.53	-1.862	40.58	-2.630
11.633	40.50	-2.504	40.58	-3.537
11.667	40.47	-3.113	40.59	-4.399
11.700	40.45	-3.589	40.61	-5.071
11.733	40.41	-4.019	40.61	-5.680
11.767	40.41	-4.284	40.64	-6.051
11.800	40.41	-4.445	40.66	-6.276
11.833	40.44	-4.433	40.68	-6.255
11.867	40.48	-4.308	40.71	-6.074
11.900	40.54	-4.017	40.73	-5.660
11.933	40.60	-3.634	40.76	-5.116
11.967	40.67	-3.101	40.79	-4.361
12.000	40.75	-2.528	40.83	-3.551
12.033	40.81	-1.803	40.85	-2.529
12.067	40.86	-1.097	40.87	-1.537
12.100	40.89	-0.363	40.89	-0.509
12.133	40.90	0.407	40.90	0.570
12.167	40.91	1.117	40.92	1.564
12.200	40.89	1.833	40.94	2.566
12.233	40.87	2.399	40.94	3.360
12.267	40.82	2.890	40.93	4.050
12.300	40.78	3.215	40.91	4.508
12.333	40.76	3.522	40.91	4.939
12.367	40.73	3.622	40.89	5.081
12.400	40.73	3.625	40.89	5.086
12.433	40.70	3.486	40.85	4.895
12.467	40.71	3.193	40.84	4.485
12.500	40.71	2.772	40.81	3.895
12.533	40.72	2.239	40.78	3.147
12.567	40.73	1.626	40.76	2.287
12.600	40.73	0.931	40.75	1.309
12.633	40.73	0.201	40.73	0.282
12.667	40.72	-0.530	40.72	-0.745
12.700	40.70	-1.281	40.72	-1.803
12.733	40.66	-1.984	40.71	-2.793
12.767	40.64	-2.576	40.72	-3.627
12.800	40.60	-3.143	40.72	-4.426
12.833	40.58	-3.583	40.74	-5.046
12.867	40.57	-3.935	40.76	-5.541
12.900	40.57	-4.205	40.78	-5.918
12.933	40.58	-4.287	40.80	-6.030
12.967	40.61	-4.249	40.83	-5.973

